1038175
6737355
5043476
4756584
7702913
7520911
3590760
7087490
8870606
5290236
8637309
6017221
4765742
7204479
7190773
8717358
5339863
6748429
3124801
8344893
7949779
3998036
2536412
8952409
4791902
2505029
5975553
3568365
4625667
2413067
2936818
8217111
1754071
4795714
7718820
7287623
4967693
1286012
1876544
5318916
5002018
2067834
6933739
8315008
4528911
1578085
8334503
3230999
8001219
7504665
6722364
1084751
8563087
2199298
4890308
8411550
1782046
4753341
1434406
7673374
4302168
6622363
8216002
5367306
4054625
5310096
2160083
3283565
4490523
6530857
4659080
8093797
8169821
5289226
7696351
6420507
8794898
3824268
4537678
4385078
8341134
3514238
6331706
8046103
6945070
4621512
7564280
3625966
3666322
5298919
6752510
2515353
3693013
4715495
6973867
7421011
1762232
5334340
3876249
4417774
2677252
8309937
5451025
5829246
5536746
2770089
5922481
6224674
7531588
8127433
4611431
7346385
8561679
2434414
7095573
1934056
3826180
5720724
2677713
8240094
8207149
4528263
4192380
1503129
6404002
8678700
3561900
7535784
1471927
8537082
5716708
7461230
5186575
8465740
4995699
6823384
2673468
6880503
5075120
8989027
5808078
4392448
4969830
5664149
3926383
8885594
4795472
1109765
4483953
5782019
3492607
6337490
2764170
2879017
8701247
8176133
5521659
8524604
7837125
6500961
5135325
3488748
7719264
2148695
7720583
2002855
6292107
4977591
8770870
3313657
4406632
1800462
3983849
3715934
3029638
4613993
5537088
2839662
2894649
6950159
5019748
8417836
1574429
6648158
1688904
5192585
7055956
1697394
4431531
8699537
3500120
8232590
2558824
1091266
6325618
5542177
7966283
3060393
6308651
4921750
3488023
7147841
7970796
8452007
2439161
4784447
4729583
2939140
6527436
1859445
1276057
4524961
2369138
8328748
7039669
7792479
1642336
7694615
5217162
1899360
7159220
4055840
8976430
2189823
1267345
1679066
7051104
3574708
5590984
6624830
2734218
6550933
8868192
6828165
4863735
4828295
3789394
2789838
1000164
7003481
4997237
4112322
6526523
6826287
6959952
2901567
5680535
1867182
6451850
3171853
5282679
8975724
1979181
7413216
6459745
4574688
2457360
2042574
7794630
7364968
1329885
7151498
2798481
1209876
7499309
5267976
8946261
4876873
3148073
1581938
7535429
3540692
8774103
4940507
1210722
2368320
3505391
6829472
6144162
1989238
4732563
3038538
6545881
5217112
8816949
6538246
8311661
4575418
5475004
5119386
1177764
4598979
3558813
4521624
8979293
3942946
4469294
3408261
8518885
3504617
4451164
3620720
2135586
5601806
1840504
5087991
4253931
5738549
4679566
3587208
1893175
2461656
2566241
7080746
4464364
1152083
8036621
1675989
4852706
2180474
3155344
3944025
5324914
3600424
3686088
3292442
2746390
1699889
7970467
2248541
7656137
3980801
5160245
2414610
2524072
5935424
1520951
6425679
8171643
6395933
7846403
1669545
3205330
7941419
3518026
7830389
4283662
4861592
7162298
8150937
3976927
7932788
1484633
2573492
7294008
5404952
8357592
7106758
4254589
3011079
1053442
2610270
3967787
4841207
1891158
4681794
1565561
2076756
2505750
6953299
5847467
1686163
4519921
7386282
1136077
3383231
5459511
1328141
2359750
8381635
1897182
2612237
1136433
6854832
5921950
3530284
2861773
2914418
3797507
3700385
4044261
8547741
4836730
1618018
2999574
7449783
3577880
8394979
3611768
8360414
6868313
7831930
5479370
5352993
6489183
4147029
3036772
6285579
3617821
7174411
8446385
6914098
7336305
2403191
7109673
6704992
7862233
6423488
7368847
8251928
3131703
1323497
1453836
4833874
3729782
4472730
1520645
3479394
1974702
7260291
2860434
4679665
6099464
7504185
1824393
7275941
8081973
6894448
5316260
7026300
7507787
7376685
6093484
6305142
4701203
7990223
6991834
8618622
4089263
7346032
7110264
2322981
4471699
3702826
7404218
2422149
2474050
7453445
6276347
8792841
2935094
6323293
7316554
1120286
2329513
3939213
3216071
8779255
6135012
3438460
6587877
1198382
3189502
3349722
5188740
1894765
4654078
7650492
7256509
8532617
6252571
4872312
5737020
5786502
8907662
1555871
8494144
4927298
4299912
3533923
7013896
1912747
7393474
8831666
5640901
5947827
3572357
3631195
8043226
6361266
2397879
4492343
4144475
2537103
2441166
1765304
7153668
7325961
7780143
4304455
8526947
2661384
4426435
5005866
6441499
6640734
6368550
2621325
7382018
2215448
8085760
4892124
5034317
5954253
2060534
7270954
2964552
1956764
2101520
7284147
6298930
3187650
2781142
1241946
5409572
4159599
1341431
6648623
1284508
3839039
7687277
5260934
2323850
2681772
3885224
7121710
7158195
2264899
7786584
6789727
5800003
8410055
6236085
6175358
7334201
8038869
5276068
3306478
8224131
5178034
2194400
2334838
3922505
6584357
7993264
1704093
6421135
7795684
1639752
8313700
8693249
5164983
3347797
2917283
2833523
3490620
2931192
8378743
7360893
7358519
7293438
4720606
5793294
6506040
3302703
8414852
2402401
5111711
4587791
5566653
4595077
4707116
5622030
5108765
8895000
8801357
1207807
5213110
5852962
2938161
3372775
2211471
4351532
7306568
3061614
4993670
3136881
4531971
3651017
5528457
2997234
1097211
5272675
2974089
7584622
7081696
3232415
8804929
8769353
6338812
1139785
7141397
6766033
1185569
6911348
5792124
6766794
5652943
7299051
2031384
7873806
4277738
3097853
7381156
5042531
4886042
7550571
5753114
7974014
6615446
7268844
2132330
6390695
3626428
1769215
1147103
1511775
5454926
2366208
5202573
4139678
7515171
5616304
3081274
2658786
7934389
3196209
2787302
1596764
1791339
7145795
1464744
3118517
6983561
4151062
6685676
4449635
7159903
7917091
6670466
6892069
8754642
2771119
1706319
7134739
3165122
2286511
2498488
3311625
6918418
8946320
8528898
7055147
5337350
7950795
5732412
6464132
3851008
1660833
1298125
2025543
3517750
1429843
2992459
6610171
7818378
2955594
6743211
6138710
7987677
6514014
2993340
2606705
1750120
3994797
3898435
1519097
5172204
6002119
1012343
1208679
5888529
3687713
4157305
5242414
2316412
2090729
1988436
6340066
8058366
7840552
6285721
7900366
8136859
6889901
5568760
1416582
6009875
5113312
5152058
5748899
4961102
8982394
4762769
2406367
6147496
3194274
7664493
1486422
6588697
1814209
4620089
3816280
2686340
3107436
5014784
3228053
1778208
6649676
4981767
5666742
2383670
6301577
1190685
2892189
6772568
2892067
4005398
2410959
5959141
1876797
3421544
7247877
4168214
6546256
8974074
5658803
6214268
7936544
2818442
4475247
8451849
8625072
8067065
4019260
1878380
3029970
2953207
1200805
1548761
8791829
6965721
6007883
3853895
4163113
6308512
7620711
6706599
4597832
3788875
8451132
7400687
3346799
2519144
6527632
4245592
5025611
7943318
2391797
8583488
4214328
2912072
7078687
2326063
7545847
5950606
1818268
3156818
1827235
8672464
2590543
4023976
7549688
7377003
7780208
8050195
7050632
1969121
1460402
3572278
1857906
7592358
6207708
8050538
8638875
7044496
8955272
5887862
7160711
3465790
8674273
1142940
5339400
5044240
8672452
3912666
6061997
1952746
6750856
5304463
8192277
8551110
1378738
8213463
5218836
7810735
6550249
8192018
2052531
2181837
1148812
5787918
4418865
1870252
3131916
5870845
4203159
8537795
2446530
8118000
3571062
5853346
3292200
8335594
4650537
4554704
8647640
4675622
1598739
4708771
4625974
1556779
4355170
7124418
6805698
2848017
4321617
7231390
4644124
8350550
2367788
8393293
7964503
5127711
2783807
4892581
5026976
2798286
5779609
3905325
4293069
4451283
7988304
1038403
2817731
1119382
1191196
3467981
8592415
1164835
6000003
7013152
7524275
4843058
5387930
5048510
2417521
2015535
6046259
2236614
7085661
4490296
1769647
7636983
4790191
2941457
5847853
7001182
4727061
8522699
1960141
3718058
4367328
7921637
3068664
1707595
2928295
6943941
1266607
5424425
5441734
6499011
7079516
3253782
7826561
2060718
6589128
6318172
1725181
7940518
4176552
2699366
8962721
6262016
2083676
4436405
7319336
4969645
5157515
7791901
6826419
8708704
5137397
7993902
7960887
2347757
7305284
8523236
3207668
4909047
2338365
4560145
8455044
3743065
2354440
8120334
4520171
7531518
6479369
8612572
2093633
5637628
8367532
1821555
4163428
4943076
5458809
7998898
8827273
5582321
6207423
2565001
8474623
2524385
1786522
6908201
8705796
3373198
5601573
3552843
3248567
5990232
6274834
3070417
3954137
7136523
6556013
8820355
7931299
3520894
